0 0.579392 0.760416 0.061094 0.131945
0 0.294755 0.725695 0.402658 0.204167
0 0.404567 0.648612 0.166863 0.088889
0 0.188537 0.603472 0.251312 0.134722
0 0.264331 0.486806 0.430669 0.062500
0 0.303780 0.305555 0.442923 0.147223
0 0.568051 0.195833 0.142814 0.272619
0 0.945287 0.377349 0.109427 0.328508
0 0.887598 0.252380 0.070217 0.338095
0 0.830011 0.828473 0.106912 0.295833
0 0.857781 0.820834 0.134681 0.316667
0 0.905683 0.807639 0.155509 0.340278
0 0.921651 0.717361 0.145789 0.293056
0 0.831662 0.344643 0.058316 0.115477
0 0.930009 0.635714 0.125830 0.280953
0 0.922111 0.522619 0.148766 0.207144
0 0.959005 0.589881 0.072597 0.148809
0 0.307498 0.644048 0.071573 0.026189
0 0.164666 0.723215 0.121523 0.060714
0 0.034737 0.444642 0.069475 0.051191
0 0.127171 0.158929 0.113180 0.058333
