0 0.332656 0.175141 0.216925 0.180575
0 0.671270 0.099463 0.113941 0.136747
0 0.338651 0.310425 0.260311 0.140253
0 0.693621 0.279452 0.114817 0.101683
0 0.780830 0.218092 0.108681 0.144928
0 0.039389 0.278284 0.078778 0.132072
0 0.172210 0.096190 0.185111 0.192380
0 0.162481 0.331463 0.076253 0.158952
0 0.859712 0.348410 0.092905 0.073633
0 0.877241 0.566970 0.115694 0.122722
0 0.865847 0.732352 0.149000 0.222066
0 0.742703 0.701963 0.104300 0.128564
0 0.528845 0.718326 0.605639 0.259467
0 0.361878 0.801309 0.236647 0.215053
0 0.117781 0.868513 0.228759 0.262973
0 0.175628 0.613722 0.104300 0.202197
0 0.066559 0.639434 0.133119 0.118047
0 0.809315 0.410940 0.086770 0.247780
