0 0.670855 0.178090 0.231672 0.192883
0 0.309221 0.097254 0.121686 0.146067
0 0.664452 0.322597 0.278006 0.149812
0 0.285352 0.289513 0.122623 0.108614
0 0.192215 0.223970 0.116070 0.154806
0 0.970995 0.286762 0.058009 0.138067
0 0.845172 0.098252 0.191766 0.196505
0 0.852598 0.345069 0.081436 0.169787
0 0.107971 0.363171 0.099220 0.078652
0 0.089250 0.596629 0.123559 0.131086
0 0.101419 0.773283 0.159128 0.237203
0 0.232934 0.740823 0.111389 0.137328
0 0.461330 0.758302 0.646809 0.277153
0 0.639646 0.846941 0.252733 0.229714
0 0.893303 0.889138 0.213394 0.221723
0 0.838557 0.646566 0.111389 0.215980
0 0.941977 0.674032 0.116045 0.126092
0 0.161794 0.429963 0.092669 0.264669
