1 0.424073 0.520833 0.018519 0.025000
1 0.411111 0.480555 0.014816 0.019445
1 0.427314 0.433333 0.025000 0.025000
1 0.462037 0.387500 0.020370 0.027778
1 0.522685 0.438195 0.013889 0.018055
1 0.551171875 0.440625 0.01171875 0.028125
1 0.596875 0.42109375 0.009375 0.0140625
1 0.55 0.371875 0.015625 0.025
1 0.555078125 0.352734375 0.01328125 0.02109375
1 0.586328125 0.36953125 0.01015625 0.0140625
1 0.580859375 0.373828125 0.01171875 0.01640625
1 0.603515625 0.38515625 0.01640625 0.0234375
1 0.6234375 0.396875 0.015625 0.025
1 0.5390625 0.47734375 0.015625 0.0265625
1 0.521484375 0.47109375 0.01171875 0.0234375
1 0.3359375 0.525 0.021875 0.025
1 0.29921875 0.485546875 0.0265625 0.02109375
1 0.265625 0.510546875 0.01875 0.01796875
1 0.240625 0.486328125 0.025 0.01953125
1 0.201953125 0.4765625 0.01015625 0.021875
1 0.172265625 0.492578125 0.02578125 0.01640625
1 0.2140625 0.466015625 0.01875 0.01640625
1 0.280078125 0.4171875 0.04140625 0.028125
1 0.292578125 0.426171875 0.03203125 0.02109375
1 0.32890625 0.398828125 0.0359375 0.03203125
1 0.3421875 0.365625 0.015625 0.015625
1 0.3890625 0.346875 0.021875 0.021875
1 0.383203125 0.378125 0.01328125 0.015625
1 0.37421875 0.39375 0.0234375 0.0125
1 0.41328125 0.378125 0.0265625 0.021875
1 0.327734375 0.378515625 0.02421875 0.01640625
1 0.246484375 0.43671875 0.02421875 0.0140625
1 0.352734375 0.434375 0.02421875 0.021875
1 0.32421875 0.426953125 0.0203125 0.01640625