1 0.56171875 0.883984375 0.0578125 0.03671875
1 0.619921875 0.862109375 0.04609375 0.05859375
1 0.67734375 0.819140625 0.0203125 0.01640625
1 0.823828125 0.846484375 0.07578125 0.05859375
1 0.907421875 0.822265625 0.04921875 0.03828125
1 0.728125 0.455078125 0.1 0.05078125
1 0.608039 0.468065 0.134663 0.058936
1 0.447677 0.491365 0.050370 0.045230
1 0.365954 0.490680 0.067845 0.043859
1 0.308902 0.507812 0.035980 0.047972
1 0.927220 0.433113 0.090459 0.035636
1 0.832648 0.437911 0.096628 0.047972
1 0.535053 0.487253 0.083266 0.061678
