1 0.5203125 0.37578125 0.025 0.0296875
1 0.5359375 0.28359375 0.05625 0.0453125
1 0.62421875 0.29921875 0.0703125 0.0578125
1 0.490625 0.11796875 0.025 0.0296875
1 0.49453125 0.05234375 0.0359375 0.0265625
1 0.3734375 0.04453125 0.03125 0.0265625
1 0.46328125 0.5578125 0.0515625 0.04375
1 0.35390625 0.7203125 0.0328125 0.040625
1 0.80078125 0.73125 0.0390625 0.053125
1 0.66484375 0.859375 0.0359375 0.03125
1 0.840625 0.875 0.03125 0.034375
1 0.92265625 0.6140625 0.0359375 0.040625
1 0.90859375 0.36015625 0.0203125 0.0265625