1 0.45899999999999996 0.5762343750000001 0.46608593750000005 0.5786546875 0.4735203125 0.5750234375 0.47987343750000006 0.57139375 0.4825953125 0.56534375 0.4825953125 0.5556625000000001 0.478965625 0.544771875 0.469890625 0.538721875 0.4635375 0.532671875 0.4526484375 0.532671875 0.44266562499999995 0.5350921875 0.4417578125 0.5459828124999999 0.4435734375 0.5580828125 0.447203125 0.566553125 0.45899999999999996 0.5762343750000001
1 0.633240625 0.3172796875 0.6385625 0.31365 0.642315625 0.3063890625 0.6414078125 0.29791875 0.638684375 0.2906578125 0.6305171875 0.2846078125 0.6259796875 0.28097812499999997 0.6169046875 0.2846078125 0.610553125 0.28823750000000004 0.6096453125 0.296709375 0.6123671875000001 0.3063890625 0.6178125 0.31365 0.6250718749999999 0.3184890625 0.633240625 0.3172796875
1 0.674984375 0.39714375 0.6830437500000001 0.3983546875 0.6895046875 0.39714375 0.693134375 0.3947234375 0.6958578125 0.3886734375 0.6958578125 0.3826234375 0.693134375 0.374153125 0.6895046875 0.3668921875 0.684059375 0.36084218749999997 0.6777078125 0.3596328125 0.6713546874999999 0.358421875 0.667725 0.36084218749999997 0.665909375 0.3632625 0.6650031249999999 0.3705234375 0.665909375 0.3826234375 0.669540625 0.389884375 0.674984375 0.39714375
1 0.6032921875 0.44554687499999995 0.6095140625 0.4419171875 0.615090625 0.4370765625 0.615090625 0.433446875 0.6141828125 0.42255624999999997 0.6096453125 0.4140859375 0.6014781250000001 0.4140859375 0.593309375 0.4140859375 0.5896796875 0.41650468749999997 0.5887718750000001 0.423765625 0.5887718750000001 0.433446875 0.5942171875 0.44433749999999994 0.6032921875 0.44554687499999995
1 0.1558953125 0.3378515625 0.1683375 0.3378515625 0.1731390625 0.3342203125 0.179490625 0.330590625 0.1867515625 0.3233296875 0.1867515625 0.31001875 0.18130625 0.3051796875 0.16769375 0.3051796875 0.15861875 0.308809375 0.1504515625 0.3160703125 0.1440984375 0.32575 0.14863593749999998 0.3330109375 0.1558953125 0.3378515625
1 0.34193281249999996 0.722653125 0.3462609375 0.7323328124999999 0.351915625 0.7371734375 0.3528234375 0.7371734375 0.3546375 0.7359625000000001 0.365528125 0.7311234375 0.3709734375 0.7238625 0.3736953125 0.7202328125 0.3736953125 0.7045015625 0.36825 0.69603125 0.3600828125 0.69603125 0.351915625 0.6996609375 0.3437484375 0.7093421875 0.34193281249999996 0.722653125
1 0.093278125 0.5036296874999999 0.1011625 0.5084703125 0.10961406250000001 0.5072609375 0.11324375 0.50605 0.119596875 0.498790625 0.119596875 0.4866890625 0.1141515625 0.479428125 0.1050765625 0.479428125 0.09963125 0.479428125 0.09418593750000001 0.483059375 0.0896484375 0.48910937499999996 0.0896484375 0.501209375 0.093278125 0.5036296874999999
1 0.9771812499999999 0.38020312500000003 0.9835156250000001 0.3838328125 0.9907937499999999 0.3838328125 0.9917015625 0.3826234375 0.9917015625 0.3777828125 0.9917015625 0.3717328125 0.9889796875 0.364471875 0.9844421875 0.3596328125 0.9780890624999999 0.3547921875 0.9735515625 0.3547921875 0.969921875 0.358421875 0.9690140625 0.3656828125 0.9708296875 0.3753625 0.9771812499999999 0.38020312500000003
1 0.9599390624999999 0.40924531249999996 0.9508359375 0.4201359375 0.956309375 0.4140859375 0.9544937499999999 0.4201359375 0.9544937499999999 0.4261859375 0.9554015625 0.429815625 0.956309375 0.4358671875 0.96356875 0.4431265625 0.96810625 0.44433749999999994 0.9780890624999999 0.4358671875 0.9780890624999999 0.43102656250000004 0.9780890624999999 0.423765625 0.974459375 0.41529531249999996 0.9708296875 0.40924531249999996 0.9644765625 0.40924531249999996 0.9599390624999999 0.40924531249999996
1 0.9073046874999999 0.3269609375 0.91089375 0.3318 0.9209171875 0.3390609375 0.9245468750000001 0.3330109375 0.9245468750000001 0.330590625 0.9245468750000001 0.32575 0.9236390625 0.3197 0.92273125 0.3184890625 0.9209171875 0.314859375 0.920009375 0.3112296875 0.9163796874999999 0.3051796875 0.9100265625 0.3051796875 0.9063968750000001 0.3063890625 0.903675 0.314859375 0.903675 0.3197 0.9073046874999999 0.3269609375
1 0.21760625 0.1696515625 0.2237109375 0.1708609375 0.229403125 0.1744921875 0.2330328125 0.1744921875 0.2348484375 0.1708609375 0.23575624999999997 0.1648109375 0.23575624999999997 0.1527109375 0.23212656250000002 0.14545 0.2284953125 0.1430296875 0.22668125 0.14545 0.2212359375 0.14545 0.2166984375 0.14545 0.2094390625 0.1478703125 0.20853125 0.1527109375 0.20671562500000001 0.1575515625 0.2094390625 0.1636015625 0.2139765625 0.166021875 0.21760625 0.1684421875 0.21760625 0.1696515625
1 0.938159375 0.27613750000000004 0.9435734374999999 0.27976718749999996 0.94995625 0.28097812499999997 0.94995625 0.27613750000000004 0.9472343750000001 0.265246875 0.9417890625 0.25677656249999997 0.9327140625 0.253146875 0.9299921875000001 0.2628265625 0.93180625 0.271296875 0.938159375 0.27613750000000004