1 0.5163156250000001 0.5595359375 0.5163156250000001 0.569215625 0.5190375 0.575265625 0.525390625 0.5788968750000001 0.532825 0.5825265625 0.5399109375 0.5801062499999999 0.5517078125 0.5704265625 0.5553375 0.5619546875 0.5571531249999999 0.5498546875 0.5562453125 0.5389640625000001 0.5462625 0.53654375 0.5353734375 0.53654375 0.5290203124999999 0.54259375 0.5199453125 0.5486453124999999 0.5163156250000001 0.5595359375
1 0.360225 0.29453125 0.357503125 0.301790625 0.3565953125 0.3102609375 0.3603484375 0.317521875 0.3656703125 0.3211515625 0.3738375 0.3223625 0.3810984375 0.317521875 0.38654375 0.3102609375 0.389265625 0.30058125 0.3883578125 0.2921109375 0.38200625 0.2884796875 0.37293125 0.28485 0.36839374999999996 0.2884796875 0.360225 0.29453125
1 0.30940625 0.3707640625 0.3057765625 0.378025 0.30305312500000003 0.3864953125 0.30305312500000003 0.3925453125 0.3057765625 0.398596875 0.30940625 0.40101718750000004 0.3158671875 0.4022265625 0.32392656249999996 0.40101718750000004 0.3293703125 0.39375625 0.3330015625 0.3864953125 0.3339078125 0.3743953125 0.3330015625 0.367134375 0.3311859375 0.3647140625 0.32755625 0.36229374999999997 0.321203125 0.3635046875 0.3148515625 0.3647140625 0.30940625 0.3707640625
1 0.38382031250000004 0.43731875000000003 0.38382031250000004 0.4409484375 0.389396875 0.4457890625 0.39561875 0.44941875 0.40469375 0.44820937499999997 0.4101375 0.43731875000000003 0.4101375 0.4276375 0.40923125000000005 0.42037812499999994 0.4056 0.41795781249999997 0.3974328125 0.41795781249999997 0.389265625 0.41795781249999997 0.384728125 0.426428125 0.38382031250000004 0.43731875000000003
1 0.8194203124999999 0.3344625 0.825771875 0.3380921875 0.8305734375 0.3417234375 0.8430140625 0.3417234375 0.8502750000000001 0.33688281249999996 0.8548125000000001 0.329621875 0.848459375 0.31994218750000003 0.8402921875 0.31268125 0.8312171875000001 0.3090515625 0.8176046875 0.3090515625 0.812159375 0.3138921875 0.812159375 0.3272015625 0.8194203124999999 0.3344625
1 0.644271875 0.7398359375 0.6460874999999999 0.7410453125 0.6469953125 0.7410453125 0.6526500000000001 0.7362046875 0.656978125 0.726525 0.6551625 0.7132140625 0.6469953125 0.7035328125 0.6388281250000001 0.699903125 0.630659375 0.699903125 0.6252156249999999 0.7083734374999999 0.6252156249999999 0.7241046875 0.6279375 0.727734375 0.6333828125000001 0.7349953124999999 0.644271875 0.7398359375
1 0.8856671875 0.5099218750000001 0.889296875 0.5111328125 0.8977484375 0.5123421875 0.9056312500000001 0.507503125 0.9092625 0.5050828125 0.9092625 0.49298125 0.904725 0.48693125000000004 0.8992796875 0.4833015625 0.893834375 0.4833015625 0.884759375 0.4833015625 0.8793140625 0.4905609375 0.8793140625 0.5026625 0.8856671875 0.5099218750000001
1 0.007209375 0.3816546875 0.007209375 0.3864953125 0.008117187500000001 0.38770625000000003 0.0153953125 0.38770625000000003 0.0217296875 0.384075 0.028081250000000002 0.3792359375 0.029896875 0.3695546875 0.028989062500000003 0.36229374999999997 0.025359375 0.3586640625 0.020821875 0.3586640625 0.014468749999999999 0.3635046875 0.009931249999999999 0.3683453125 0.007209375 0.3756046875 0.007209375 0.3816546875
1 0.0426015625 0.4397390625 0.043509375 0.43368906249999994 0.0444171875 0.4300578125 0.0444171875 0.4240078125 0.0426015625 0.41795781249999997 0.048075 0.4240078125 0.038971875 0.4131171875 0.034434375 0.4131171875 0.028081250000000002 0.4131171875 0.0244515625 0.4191671875 0.020821875 0.4276375 0.020821875 0.43489843749999996 0.020821875 0.4397390625 0.0308046875 0.44820937499999997 0.0353421875 0.4469984375 0.0426015625 0.4397390625
1 0.075271875 0.323571875 0.07436406250000001 0.329621875 0.07436406250000001 0.3344625 0.07436406250000001 0.33688281249999996 0.07799375 0.3429328125 0.08801718750000001 0.3356734375 0.09160625 0.3308328125 0.0952359375 0.323571875 0.0952359375 0.31873125 0.09251406250000001 0.3102609375 0.088884375 0.3090515625 0.08253125 0.3090515625 0.0789015625 0.3151015625 0.07799375 0.31873125 0.07617968750000001 0.3223625 0.075271875 0.323571875
1 0.7722296875 0.149321875 0.7704140625 0.1469015625 0.7667843750000001 0.149321875 0.7631546874999999 0.1565828125 0.7631546874999999 0.1686828125 0.7640625 0.174734375 0.7658765625 0.1783640625 0.7695078125 0.1783640625 0.7751984375000001 0.174734375 0.7813046875 0.17352343750000002 0.7813046875 0.1723140625 0.784934375 0.16989375 0.789471875 0.16747343750000002 0.7921953125 0.16142343750000002 0.7903796875 0.1565828125 0.789471875 0.1517421875 0.7822125 0.149321875 0.777675 0.149321875 0.7722296875 0.149321875
1 0.0607515625 0.280009375 0.06710468750000001 0.27516875 0.06891875 0.2666984375 0.066196875 0.25701874999999996 0.057121875 0.2606484375 0.0516765625 0.26911874999999996 0.048954687499999996 0.280009375 0.048954687499999996 0.28485 0.0553375 0.283640625 0.0607515625 0.280009375