1 0.465625 0.553125 0.040625 0.04375
1 0.603125 0.43125 0.028125 0.034375
1 0.6859375 0.38125 0.04375 0.05625
1 0.634375 0.30625 0.040625 0.03125
1 0.97109375 0.42578125 0.0265625 0.0296875
1 0.8546875 0.3625 0.03125 0.03125
1 0.9109375 0.31875 0.021875 0.021875
1 0.94296875 0.265625 0.0203125 0.021875
1 0.36328125 0.72734375 0.0296875 0.0453125
1 0.31796875 0.40859375 0.0390625 0.0265625
1 0.16953125 0.31953125 0.0359375 0.0265625
1 0.02109375 0.34140625 0.0359375 0.0328125
1 0.1078125 0.49140625 0.034375 0.0390625