1 0.64296875 0.71875 0.0390625 0.034375
1 0.53125 0.55546875 0.04375 0.0390625
1 0.39296875 0.43359375 0.0265625 0.0296875
1 0.31640625 0.38203125 0.0453125 0.0484375
1 0.36953125 0.30859375 0.0453125 0.0484375
1 0.89609375 0.49375 0.0359375 0.040625
1 0.98203125 0.33984375 0.0359375 0.0453125
1 0.84296875 0.3234375 0.0453125 0.040625
1 0.775 0.1609375 0.028125 0.03125
1 0.03125 0.4265625 0.025 0.034375
1 0.09140625 0.321875 0.0296875 0.03125
1 0.14765625 0.36015625 0.0328125 0.0265625
1 0.05859375 0.2703125 0.0203125 0.021875