0 0.9484375 0.2234375 0.9390625 0.2046875 0.8984375 0.1859375 0.896875 0.2 0.9109375 0.21875 0.9484375 0.2234375
0 0.6796875 0.175 0.7109375 0.1796875 0.734375 0.196875 0.753125 0.19375 0.753125 0.184375 0.7359375 0.165625 0.6765625 0.14375 0.671875 0.146875 0.671875 0.165625 0.6796875 0.175
0 0.4046875 0.7984375 0.4328125 0.8203125 0.4671875 0.8203125 0.5140625 0.84375 0.5296875 0.84375 0.5375 0.8375 0.521875 0.8234375 0.4890625 0.8140625 0.46875 0.796875 0.4421875 0.790625 0.428125 0.778125 0.384375 0.76875 0.36875 0.7859375 0.3765625 0.796875 0.4046875 0.7984375
0 0.65 0.6015625 0.6640625 0.615625 0.671875 0.615625 0.671875 0.60625 0.6546875 0.5875 0.6265625 0.5875 0.621875 0.5765625 0.603125 0.5734375 0.6 0.58125 0.60625 0.5921875 0.65 0.6015625
0 0.5578125 0.61875 0.5859375 0.640625 0.6015625 0.6375 0.615625 0.646875 0.6296875 0.646875 0.6265625 0.6390625 0.6046875 0.6328125 0.5671875 0.609375 0.5484375 0.590625 0.5125 0.5828125 0.4859375 0.55625 0.4703125 0.5546875 0.46875 0.565625 0.5109375 0.6015625 0.5578125 0.61875
0 0.884375 0.4953125 0.828125 0.4796875 0.88125 0.5125 0.884375 0.53125 0.8984375 0.53125 0.884375 0.4953125
1 0.953125 0.2359375 0.975 0.209375 0.9703125 0.196875 0.959375 0.1953125 0.94375 0.209375 0.91875 0.2109375 0.8984375 0.1859375 0.8765625 0.175 0.871875 0.2 0.9140625 0.2375 0.953125 0.2359375
1 0.671875 0.178125 0.703125 0.209375 0.7234375 0.2078125 0.725 0.1921875 0.7171875 0.178125 0.684375 0.1734375 0.6734375 0.1625 0.6703125 0.1328125 0.6828125 0.1234375 0.6859375 0.1078125 0.6671875 0.10625 0.640625 0.13125 0.64375 0.1703125 0.671875 0.178125
1 0.3765625 0.803125 0.384375 0.81875 0.4 0.825 0.4265625 0.8640625 0.484375 0.85625 0.50625 0.8421875 0.503125 0.8328125 0.48125 0.8328125 0.4640625 0.81875 0.4328125 0.81875 0.4171875 0.7984375 0.384375 0.7828125 0.3859375 0.775 0.3921875 0.775 0.403125 0.784375 0.43125 0.7875 0.44375 0.8 0.4625 0.8 0.4828125 0.8109375 0.49375 0.790625 0.48125 0.7703125 0.46875 0.765625 0.4328125 0.7859375 0.421875 0.7671875 0.39375 0.7625 0.36875 0.775 0.359375 0.79375 0.3765625 0.803125
1 0.8171875 0.49375 0.8234375 0.51875 0.8375 0.534375 0.8640625 0.5328125 0.8859375 0.565625 0.9 0.5734375 0.940625 0.49375 0.9453125 0.4671875 0.9140625 0.4734375 0.903125 0.4671875 0.8875 0.4421875 0.8453125 0.4359375 0.8109375 0.4546875 0.7953125 0.4875 0.8171875 0.49375
1 0.51875 0.5734375 0.5796875 0.6171875 0.609375 0.63125 0.625 0.646875 0.6109375 0.6515625 0.60625 0.64375 0.58125 0.640625 0.5375 0.6109375 0.4875 0.5921875 0.48125 0.6015625 0.5046875 0.6296875 0.5140625 0.659375 0.55625 0.6734375 0.5828125 0.6984375 0.5984375 0.7046875 0.609375 0.6984375 0.60625 0.66875 0.6140625 0.665625 0.6328125 0.696875 0.6515625 0.7046875 0.6640625 0.6609375 0.6890625 0.6453125 0.6953125 0.603125 0.6796875 0.6015625 0.6625 0.609375 0.6375 0.6 0.625 0.5890625 0.615625 0.5625 0.596875 0.546875 0.5421875 0.553125 0.496875 0.5421875 0.4828125 0.55 0.4875 0.565625 0.51875 0.5734375