1 0.427778125 0.5083328125000001 0.41574062500000003 0.5083328125000001 0.41481406249999997 0.5263890625000001 0.41944375 0.5333328125000001 0.43333281250000005 0.527778125 0.427778125 0.5083328125000001
1 0.40740781249999997 0.47083281250000003 0.403703125 0.4861109375 0.409259375 0.490278125 0.41851874999999994 0.48333281250000004 0.40740781249999997 0.47083281250000003
1 0.4231484375 0.42083281250000004 0.41481406249999997 0.427778125 0.428703125 0.44583281250000006 0.4398140625 0.440278125 0.4231484375 0.42083281250000004
1 0.47222187499999996 0.3833328125 0.45925937499999997 0.37361093749999996 0.4518515625 0.390278125 0.46759218750000003 0.4013890625 0.47222187499999996 0.3833328125
1 0.525 0.42916718749999994 0.5157406250000001 0.43611093749999996 0.5240734375 0.447221875 0.5296296875000001 0.4375 0.525 0.42916718749999994
1 0.551171875 0.440625 0.01171875 0.028125
1 0.596875 0.42109375 0.009375 0.0140625
1 0.55 0.371875 0.015625 0.025
1 0.555078125 0.352734375 0.01328125 0.02109375
1 0.586328125 0.36953125 0.01015625 0.0140625
1 0.580859375 0.373828125 0.01171875 0.01640625
1 0.603515625 0.38515625 0.01640625 0.0234375
1 0.6234375 0.396875 0.015625 0.025
1 0.5390625 0.47734375 0.015625 0.0265625
1 0.521484375 0.47109375 0.01171875 0.0234375
1 0.3359375 0.525 0.021875 0.025
1 0.29921875 0.485546875 0.0265625 0.02109375
1 0.265625 0.510546875 0.01875 0.01796875
1 0.240625 0.486328125 0.025 0.01953125
1 0.201953125 0.4765625 0.01015625 0.021875
1 0.172265625 0.492578125 0.02578125 0.01640625
1 0.2140625 0.466015625 0.01875 0.01640625
1 0.280078125 0.4171875 0.04140625 0.028125
1 0.292578125 0.426171875 0.03203125 0.02109375
1 0.32890625 0.398828125 0.0359375 0.03203125
1 0.3421875 0.365625 0.015625 0.015625
1 0.3890625 0.346875 0.021875 0.021875
1 0.383203125 0.378125 0.01328125 0.015625
1 0.37421875 0.39375 0.0234375 0.0125
1 0.41328125 0.378125 0.0265625 0.021875
1 0.327734375 0.378515625 0.02421875 0.01640625
1 0.246484375 0.43671875 0.02421875 0.0140625
1 0.352734375 0.434375 0.02421875 0.021875
1 0.32421875 0.426953125 0.0203125 0.01640625