1 0.56171875 0.883984375 0.0578125 0.03671875
1 0.619921875 0.862109375 0.04609375 0.05859375
1 0.67734375 0.819140625 0.0203125 0.01640625
1 0.823828125 0.846484375 0.07578125 0.05859375
1 0.907421875 0.822265625 0.04921875 0.03828125
1 0.728125 0.455078125 0.1 0.05078125
1 0.5797703125 0.47423281250000004 0.6106078125 0.4975328125 0.6640625 0.485196875 0.6753703125 0.4536734375 0.643503125 0.44133750000000005 0.6517265625 0.44133750000000005 0.581825 0.438596875 0.5520140625 0.452303125 0.5407078125 0.457784375 0.5797703125 0.47423281250000004
1 0.43688281250000005 0.5043859375 0.46772187499999995 0.5139796875 0.4728625 0.46875 0.45024687500000005 0.46875 0.42249218749999995 0.47834374999999996 0.43688281250000005 0.5043859375
1 0.33203125 0.5071265625 0.3608140625 0.512609375 0.3978203125 0.50986875 0.3998765625 0.47423281250000004 0.372121875 0.46875 0.33203125 0.48930937500000005 0.33203125 0.5071265625
1 0.32689218750000004 0.49342031249999996 0.3125 0.4838265625 0.2909125 0.50575625 0.3032484375 0.5317984375 0.3258640625 0.526315625 0.32689218750000004 0.49342031249999996
1 0.97245 0.4468203125 0.96114375 0.42214843750000003 0.895353125 0.41529531249999996 0.881990625 0.4468203125 0.9498359375 0.45093125 0.97245 0.4468203125
1 0.8809625000000001 0.413925 0.784334375 0.420778125 0.7894734375 0.461896875 0.8675984375000001 0.4427078125 0.8809625000000001 0.413925
1 0.5602390625 0.5002734375 0.5766859375 0.47834374999999996 0.5520140625 0.45915625000000004 0.508840625 0.45641406250000005 0.50575625 0.46326718749999996 0.49342031249999996 0.47834374999999996 0.52323125 0.4975328125 0.5396796875 0.5180921875 0.5602390625 0.5002734375