1 0.5139359375 0.5803921875 0.5139359375 0.5901953125 0.5166906250000001 0.5963234374999999 0.5231171875 0.6 0.5306390624999999 0.6036765625 0.5378078125 0.601225 0.54974375 0.591421875 0.5534171875 0.58284375 0.555253125 0.5705875 0.554334375 0.559559375 0.544234375 0.5571078125 0.5332171875 0.5571078125 0.5267906250000001 0.5632359375 0.5176078125 0.5693625 0.5139359375 0.5803921875
1 0.3560109375 0.31200937500000003 0.35325625 0.3193625 0.3523375 0.327940625 0.356134375 0.33529375 0.3615203125 0.3389703125 0.3697828125 0.3401953125 0.377128125 0.33529375 0.3826375 0.327940625 0.38539218750000004 0.3181375 0.38447343749999996 0.30955937499999997 0.378046875 0.3058828125 0.36886562500000003 0.30220625 0.364275 0.3058828125 0.3560109375 0.31200937500000003
1 0.30459375 0.389215625 0.3009203125 0.39656875 0.2981671875 0.40514687499999996 0.2981671875 0.411275 0.3009203125 0.4174015625 0.30459375 0.41985312500000005 0.31113124999999997 0.421078125 0.319284375 0.41985312500000005 0.32479375 0.4125 0.328465625 0.40514687499999996 0.329384375 0.3928921875 0.328465625 0.38553906250000003 0.3266296875 0.38308749999999997 0.32295625 0.3806375 0.3165296875 0.3818625 0.31010312500000003 0.38308749999999997 0.30459375 0.389215625
1 0.3798828125 0.4566171875 0.3798828125 0.46029375000000006 0.385525 0.4651953125 0.39181875 0.46887187499999994 0.4010015625 0.46764687499999996 0.406509375 0.4566171875 0.406509375 0.4468140625 0.40559218750000003 0.4394609375 0.40191875 0.437009375 0.39365625 0.437009375 0.38539218750000004 0.437009375 0.38080156249999997 0.44558749999999997 0.3798828125 0.4566171875
1 0.8206031250000001 0.3524515625 0.8270296874999999 0.356128125 0.8318875 0.3598046875 0.8444750000000001 0.3598046875 0.8518203124999999 0.3549015625 0.8564109375 0.34754843750000003 0.849984375 0.3377453125 0.8417203125 0.3303921875 0.8325390625000001 0.326715625 0.8187671875 0.326715625 0.8132578125000001 0.3316171875 0.8132578125000001 0.3450984375 0.8206031250000001 0.3524515625
1 0.643396875 0.762990625 0.6452328125 0.7642156250000001 0.6461515624999999 0.7642156250000001 0.6518734375 0.7593140625 0.6562515624999999 0.7495093749999999 0.6544156250000001 0.7360296875000001 0.6461515624999999 0.726225 0.6378874999999999 0.7225484375 0.629625 0.7225484375 0.6241156250000001 0.731128125 0.6241156250000001 0.747059375 0.6268703125 0.7507359375 0.6323796875000001 0.7580875 0.643396875 0.762990625
1 0.8876296874999999 0.530146875 0.8913015625 0.5313718749999999 0.8998531249999999 0.5325984375 0.9078296874999999 0.5276953125 0.9115015625 0.5252453125 0.9115015625 0.512990625 0.9069109375 0.5068625 0.9014015625 0.5031859375 0.8958921875 0.5031859375 0.8867109375 0.5031859375 0.8812015625 0.5105390625 0.8812015625 0.5227937500000001 0.8876296874999999 0.530146875
1 0 0.40637187499999994 0.0071265625 0.40637187499999994 0.013534375000000001 0.4026953125 0.0199625 0.39779375 0.0217984375 0.387990625 0.0208796875 0.3806375 0.0172078125 0.3769609375 0.012617187499999998 0.3769609375 0.0061890625 0.3818625 0.0015984374999999998 0.3867640625 0 0.3910328125 0 0.40637187499999994
1 0.034653125 0.45906874999999997 0.0355703125 0.452940625 0.0364890625 0.4492640625 0.0364890625 0.4431375 0.034653125 0.437009375 0.040190625 0.4431375 0.030979687500000002 0.43210781249999997 0.026389062499999998 0.43210781249999997 0.0199625 0.43210781249999997 0.0162890625 0.4382359375 0.012617187499999998 0.4468140625 0.012617187499999998 0.45416718749999996 0.012617187499999998 0.45906874999999997 0.0227171875 0.46764687499999996 0.0273078125 0.466421875 0.034653125 0.45906874999999997
1 0.06770625 0.341421875 0.0667890625 0.34754843750000003 0.0667890625 0.3524515625 0.0667890625 0.3549015625 0.0704609375 0.3610296875 0.0806015625 0.3536765625 0.084234375 0.348775 0.08790624999999999 0.341421875 0.08790624999999999 0.3365203125 0.0851515625 0.327940625 0.0814796875 0.326715625 0.0750515625 0.326715625 0.0713796875 0.33284375 0.0704609375 0.3365203125 0.068625 0.3401953125 0.06770625 0.341421875
1 0.7728578125000001 0.1649515625 0.771021875 0.1625 0.76735 0.1649515625 0.7636765624999999 0.1723046875 0.7636765624999999 0.184559375 0.7645953125 0.1906859375 0.76643125 0.1943625 0.7701046875 0.1943625 0.7758625 0.1906859375 0.7820406249999999 0.18946093749999998 0.7820406249999999 0.1882359375 0.7857125 0.185784375 0.790303125 0.1833328125 0.7930578125000001 0.17720625 0.791221875 0.1723046875 0.790303125 0.1674015625 0.7829578125000001 0.1649515625 0.7783671875 0.1649515625 0.7728578125000001 0.1649515625
1 0.053015625 0.2973046875 0.05944375 0.2924015625 0.0612796875 0.2838234375 0.05852500000000001 0.2740203125 0.04934375 0.2776953125 0.043834374999999995 0.286275 0.0410796875 0.2973046875 0.0410796875 0.30220625 0.047537499999999996 0.30097968750000004 0.053015625 0.2973046875