2 0.603125 0.287890625 0.071875 0.06640625
2 0.348828125 0.30546875 0.05703125 0.0515625
2 0.219921875 0.316015625 0.06171875 0.06015625
2 0.096875 0.36640625 0.053125 0.0484375
2 0.10390625 0.4765625 0.0546875 0.053125
2 0.115234375 0.554296875 0.05859375 0.05859375
2 0.128125 0.63515625 0.053125 0.0546875
2 0.259765625 0.711328125 0.05703125 0.06015625
2 0.379296875 0.707421875 0.05859375 0.06484375
2 0.626171875 0.687109375 0.06796875 0.06796875
2 0.758984375 0.683203125 0.06484375 0.06328125
2 0.894921875 0.578515625 0.06796875 0.06328125
2 0.890234375 0.47578125 0.06484375 0.0703125
2 0.885546875 0.372265625 0.05859375 0.06015625